926
822 149
258 770
285 766
655 217
9 11
15 136
388 589
488 441
522 689
203 920
62 119
513 745
339 89
65 53
479 365
69 80
117 124
633 113
423 775
349 37
488 629
28 121
304 204
20 154
76 140
33 817
133 302
197 486
537 88
56 60
195 409
758 528
147 199
225 75
719 303
307 182
92 412
75 204
94 297
37 21
34 658
606 512
200 699
79 49
267 166
614 188
232 801
536 408
272 337
579 114
313 119
131 109
80 433
474 152
211 252
314 436
527 521
561 107
275 359
693 269
194 483
694 216
273 116
903 443
8 1
434 624
109 55
214 156
545 214
550 83
595 768
762 612
332 523
311 392
440 363
917 556
697 467
651 629
612 308
630 442
432 197
414 213
538 199
132 188
477 519
133 638
296 406
364 661
744 390
8 32
7 26
399 685
222 54
645 120
653 315
361 241
264 327
567 304
30 56
210 588
657 823
464 53
705 812
881 112
71 393
312 155
93 72
599 525
440 597
336 841
226 168
735 476
193 539
731 283
677 68
16 734
178 308
33 59
515 403
177 321
170 77
217 35
454 54
779 353
304 789
553 411
909 680
866 678
400 359
22 340
374 349
379 357
585 435
672 422
119 369
781 214
80 146
858 345
286 13
10 69
520 399
801 838
132 566
329 203
164 67
530 882
669 84
44 402
133 32
634 447
425 205
21 23
32 220
366 25
155 296
504 673
570 344
111 30
116 51
461 149
2 149
3 46
357 103
325 485
413 150
504 43
878 848
392 603
189 8
15 231
7 82
350 289
620 780
349 643
203 371
137 42
115 649
824 50
363 900
726 433
880 910
19 5
682 424
233 174
603 760
6 41
121 621
862 902
602 42
233 830
230 4
29 2
112 609
124 627
398 291
31 457
355 424
815 843
40 63
137 587
146 238
235 322
145 44
150 152
329 835
57 76
239 362
833 689
172 883
472 314
668 725
65 306
150 41
162 212
206 678
901 715
95 200
5 112
316 522
101 253
808 291
348 131
43 676
746 654
530 216
160 121
93 795
53 234
204 853
679 510
53 161
9 4
97 54
79 275
54 29
914 449
400 421
63 71
880 743
601 569
125 116
10 25
286 767
12 141
554 449
95 40
49 72
229 320
497 286
130 18
697 826
580 88
480 198
77 26
127 172
109 284
97 600
448 296
89 110
619 666
500 739
455 626
707 248
70 59
363 220
293 385
151 109
824 854
28 184
360 246
772 473
720 366
478 116
175 916
509 769
263 365
67 105
742 409
227 449
11 156
639 273
244 24
35 695
368 316
307 885
898 340
491 607
157 150
395 717
564 216
77 207
8 108
286 301
367 387
77 190
267 438
148 91
503 161
380 335
777 319
291 429
383 158
155 255
258 518
14 35
246 161
378 90
245 893
544 743
95 123
213 919
42 155
57 492
582 127
806 739
543 860
442 95
28 282
98 15
625 752
528 99
162 9
135 82
160 410
38 177
922 69
62 88
279 323
202 127
864 467
98 115
250 276
351 650
133 351
622 231
821 517
418 29
13 15
142 89
845 619
273 778
102 254
26 42
5 1
367 288
13 373
785 227
542 857
257 576
177 239
602 718
620 294
31 84
918 540
302 347
1 48
24 791
395 376
10 396
788 308
51 147
130 193
737 229
178 241
4 122
197 139
36 96
68 43
623 32
443 20
150 525
59 332
742 847
196 462
403 876
5 925
52 245
89 2
455 375
5 16
106 37
6 14
578 670
143 187
333 285
185 531
563 291
354 671
304 311
120 690
422 209
499 498
171 229
559 121
154 203
777 889
730 440
210 171
741 187
496 556
711 280
457 590
248 161
712 238
541 431
13 90
148 298
22 34
271 342
369 450
281 175
87 174
894 498
432 859
764 291
578 520
179 177
404 417
484 644
908 608
94 328
784 606
420 489
618 842
411 391
716 712
868 536
101 209
763 278
317 240
765 202
610 429
738 852
434 544
524 41
36 52
325 849
799 186
159 127
547 53
219 221
169 90
444 8
126 113
432 437
468 270
640 256
41 57
32 786
2 1
681 627
647 423
605 446
642 564
857 877
638 793
336 154
608 184
382 128
9 81
247 112
618 242
915 247
343 116
467 462
18 39
8 55
593 326
73 4
70 463
657 322
187 562
708 82
59 211
27 8
514 447
698 488
111 181
18 496
126 386
6 120
613 314
186 285
196 150
668 247
639 814
64 3
507 185
2 18
427 61
163 150
648 212
259 238
652 348
96 502
721 47
223 22
141 517
572 93
328 586
565 403
423 476
542 387
466 143
136 144
687 317
521 87
200 526
611 61
439 252
264 72
540 286
747 710
77 289
804 799
357 757
49 153
454 660
926 65
318 199
521 891
848 228
140 249
335 3
782 524
125 798
101 118
41 453
134 10
855 337
74 28
80 529
753 373
122 552
897 503
241 331
288 131
43 78
591 409
709 46
871 269
164 923
362 654
549 884
114 78
215 183
495 313
809 725
96 490
61 356
48 58
4 40
61 32
861 413
318 751
85 24
270 405
346 36
905 642
813 471
38 2
434 233
205 121
388 167
248 512
22 33
802 222
130 511
423 275
106 218
596 37
571 314
787 352
117 100
138 117
452 438
892 465
319 577
169 305
81 198
604 800
358 357
154 376
93 664
205 280
149 293
921 499
538 874
460 404
516 191
66 272
59 83
7 5
219 271
764 863
67 470
353 126
300 218
755 570
299 341
17 28
394 35
136 191
158 37
312 604
278 846
24 2
278 465
687 723
458 71
415 534
518 535
267 906
299 24
383 635
374 867
199 408
598 54
107 584
28 182
636 688
124 315
761 331
265 135
399 494
460 815
435 96
132 63
61 107
314 199
806 895
263 19
338 65
57 66
473 288
89 500
345 264
829 425
389 145
827 677
375 215
167 441
55 195
392 646
670 886
352 207
700 612
797 142
67 57
270 125
36 30
11 12
415 9
382 426
924 263
459 74
208 819
114 262
326 129
619 339
468 592
618 701
777 825
426 631
907 362
182 428
243 401
102 55
55 166
783 206
749 598
205 899
183 139
206 132
287 130
686 160
257 42
316 297
91 57
18 391
869 594
81 228
232 63
62 57
794 225
510 114
11 617
104 63
429 555
807 187
266 505
39 372
81 498
659 459
828 524
59 431
52 129
21 47
74 201
355 338
487 2
322 774
277 199
840 576
48 86
756 431
194 10
202 475
15 44
736 236
43 39
469 318
557 350
407 220
182 235
49 18
359 680
508 255
532 85
551 495
3 370
11 240
94 674
55 713
169 269
790 591
360 705
684 120
219 399
156 573
80 127
820 260
80 710
665 816
260 107
92 292
575 561
833 875
267 274
818 669
477 280
196 237
139 180
376 416
625 148
131 384
52 113
185 87
879 84
683 456
904 3
283 238
397 333
759 677
250 706
45 167
810 145
29 50
101 71
632 582
17 364
174 776
696 449
230 381
754 692
125 471
696 844
726 732
560 544
692 224
637 631
473 574
506 80
691 437
87 79
182 219
913 573
137 168
712 773
186 34
740 517
581 38
279 482
50 171
168 568
805 70
200 430
152 251
268 29
309 4
216 164
556 738
264 616
446 260
675 125
328 615
7 10
25 92
834 513
870 25
139 46
51 32
61 549
8 17
103 11
143 50
344 236
796 486
44 628
896 770
17 224
850 820
61 641
261 491
432 792
354 160
396 636
103 558
548 545
622 771
175 22
266 106
445 281
15 278
748 727
351 887
70 128
175 722
377 30
330 733
203 715
456 16
295 273
347 513
671 750
180 569
851 377
292 484
330 271
888 584
53 34
57 310
291 59
534 839
44 256
406 656
2 6
29 501
31 29
865 384
220 227
62 94
7 45
82 727
477 493
334 241
442 594
279 150
206 303
179 663
40 99
128 403
804 832
18 319
836 322
279 509
65 173
21 20
347 447
135 667
704 681
14 873
176 3
2 4
6 22
324 158
583 453
702 293
862 572
250 22
390 345
91 165
729 267
418 543
258 151
649 728
744 811
767 837
451 331
803 673
47 665
